/***
* @Description cj组队瓜分京豆 一个人可以组三队 custom/jd_cjhydz_wxTeam_three.sh
* @author Doraemon
* @data 2023-01-09 15:26:09
*/

1 2 3 4 5               1-100
1 6 7 8 9

2 10 11 12 13           2 1 10-100
2 14 15 16 17
2 18 19 20 21

3 22 23 24 25           3 22-100
3 26 27 28 29
3 30 31 32 33

4 34 35 36 37           4 34-100
4 38 39 40 41
4 42 43 44 45

5 46 47 48 49           5 46-100
5 50 51 52 53
5 54 55 56 57

6 58 59 60 61           6 58-100
6 62 63 64 65
6 66 67 68 69

7 70 71 72 73           7

